1000:
2326571
977808
1010534
1861759
79755
98259
1960212
97460
2623506
2409123
1959111
809597
2251189
537705
929584
506737
708895
1900790
2553920
1196779
2411446
1002296
1580442
100291
433455
2368043
906984
10000:
200206
523108
10001:
262828
2609496
1474804
831991
267142
2305771
220050
1959883
27822
2570808
90355
2417258
264764
143866
766895
714089
2350428
10002:
1450941
1213181
308502
2581993
10003:
1515111
10004:
1737087
1270334
1262711
1903515
2140798
2479158
2161335
2099522
1291600
2198877
2214717
1936582
84804
1257912
1263375
735147
1186407
350806
1141242
638738
590598
1704823
2238464
273497
2499539
2543444
119309
2540335
129495
956464
1648424
10005:
254775
1892654
469365
793736
926698
10006:
1093333
1982605
1534853
1632583
10007:
1204847
2160216
248206
835054
1064667
2419805
2084848
671106
2087887
1340891
1917538
2018945
2520477
10008:
1813636
2048630
930946
1492860
1687570
1122917
1885441
10009:
1927533
1789102
2263612
964421
701514
2120902
1001:
1050889
67976
1025642
624334
239718
549109
143504
584301
437680
2434971
400819
1841130
1926199
805709
545109
662875
74408
529725
1786012
2382523
1358422
780049
1894639
1014799
2176030
286045
1381947
386254
224172
404085
2005305
1956315
2580275
2110738
1525405
2187027
1995906
2133433
2097983
884805
2083077
1642134
2550380
2559056
1080407
1455000
498315
2464251
1149181
2117376
1368543
1216717
1727516
1771413
2326782
2423679
1198786
1042938
2640911
328713
2591056
256030
1363889
2615076
52736
1359594
1385396
2414993
1274754
715115
795536
1991455
1107351
1451770
1433190
1769644
875020
2456714
906813
837457
672807
1863197
2585014
666419
1849372
1308814
2344636
755775
768710
2334860
468090
1996056
1603215
274970
1060880
721144
1381762
1589154
2033841
1372601
2339869
41031
655047
916708
1924771
1686092
1552908
329102
1181907
1762077
1583835
773994
25452
321005
1369500
2429351
396491
1745676
2204817
2624938
491487
1298591
77828
1047191
2642897
2494183
1337506
1802655
126058
940778
1988427
1720476
1947287
31062
10010:
1462925
52050
650466
1813166
2224061
815731
154626
531384
696688
1088633
639327
59938
1856669
2034703
1060588
2475682
1075860
1633365
681503
186927
2374977
2113696
1677862
10011:
1624701
2646826
10012:
2445069
1483604
418164
2491070
1485175
1043648
1913770
2560523
2416960
161063
56741
2301550
1275794
10013:
2503691
1222878
843201
2271154
1346139
124014
1501028
2201453
225422
222553
1521657
295833
10616
512945
844777
973206
2246803
395087
2360499
1153049
1846387
1454544
1018789
914602
1321443
1150421
2045002
1379641
178089
291407
2229322
2177405
105997
2346736
1729494
472225
1233535
1529676
1414279
461311
1715286
1714052
649457
451510
494014
1544885
110412
1894679
1006623
467438
776931
952735
221590
348279
1911099
1923760
397753
10014:
1626179
1359761
430376
723484
839609
10029:
2293890
1141552
1823836
2551226
10031:
548690
2518265
1575474
2203195
1578801
2614194
1224756
2157060
1528644
10032:
2329101
569745
640080
177766
1949239
624145
709091
2104131
688765
1390809
336400
1268066
470044
1791554
1920755
2317575
2488926
1212320
996425
123345
799400
824189
650940
1573281
910244
1547411
2222535
2458016
83110
1274574
1587304
2214218
677039
1903221
1879733
662218
1563172
1724551
775034
884907
2174325
739713
1169824
61009
319516
750365
1819621
10033:
1989027
1227591
1810636
1335621
1001590
1207661
1401075
2403799
791223
639727
1957988
1762834
1381789
334033
10034:
2107088
69088
10035:
1651047
811486
2112205
2070135
2148631
2212430
822400
49255
801884
1303306
2268521
929407
2172403
282064
1985000
88318
1408280
2440091
1813810
1727192
10036:
2105693
842613
2557615
2125051
397569
2636037
2063030
2159553
1531624
437680
2091752
10071
472432
215393
1324372
2619107
1904442
646572
1970420
2461533
1880905
2030429
1845130
1521902
2161
2134637
417734
1010725
1261548
2316498
2494106
1082992
2541752
1317259
42211
2214676
1554836
234405
41897
2536262
2240178
1097048
2124584
671935
1677871
1223288
2192915
2068878
426137
696122
455707
1714077
333914
707412
9450
1390002
970271
1873549
2494920
32361
556369
504989
1030812
2350832
2401396
2207277
2035729
2646867
1154500
1132428
558523
8580
22964
1595703
1995943
2023361
2437646
2303816
336016
2224280
2438187
2465683
845006
1934299
2021702
725549
2031681
1441351
259822
812240
1723408
1994101
1184088
511569
2008955
576406
1371204
33130
1125370
706530
1511155
1787860
8129
2026150
1190492
1581139
1522922
2598077
1647159
2354598
997168
1008576
2046106
1466613
109154
2257846
2525634
1391499
2535303
1394196
1699044
857146
195153
52147
2398282
1715538
1981250
1585765
87273
1281611
1549677
355111
383108
180775
730570
1961276
1850833
228544
2344026
1841778
1372729
1801097
1197941
2006300
1227437
1438082
1109446
1956794
1791704
1914110
992576
264916
578055
782690
2383290
1544559
2179884
173760
747219
1782055
2646027
1984941
440949
924842
755689
1211291
2574257
2345522
220702
730768
2469669
1409483
713561
1994152
734075
1815129
1396608
1742906
1573284
2570733
171163
2090999
1636781
275039
2332819
174415
730375
218046
915942
875205
2418467
1384878
586402
2460085
1493212
54040
1445403
2067671
2186035
25266
260961
1451269
2213786
130601
1643234
1010065
1752442
123767
2063882
2178343
1722278
1449174
387679
76156
442546
10037:
253214
612895
769764
396150
2555464
1988133
560277
1839686
2569369
1845071
1627613
948108
1316833
911710
10038:
885147
1144499
1411630
1069925
836219
1417121
461985
1148007
15483:
1735452
1725760
1185427
1749047
541779
1392386
1194628
1156244
582513
174203
815195
2242711
2235366
1303040
2257580
2350628
87349
767231
1291642
1941756
2414663
15484:
372337
32966
2159099
2188343
2081357
667844
1424046
426128
2604593
1206067
484363
1184020
67324
118361
1897107
770599
2175998
1584056
1701418
2403900
346238
1732386
928497
1949511
1818127
2173292
2445626
928501
2414480
1767933
2464251
1314438
463751
1933151
2106534
1802972
1621453
2082318
2144163
1906894
2352325
2035772
238302
2200227
499332
1108689
282749
352903
1604533
86527
1913318
467373
2357210
1982956
464953
215024
854971
29027
365623
1119394
289671
1660519
1056647
2507568
2475618
57806
634345
1633737
1890253
2305400
869642
1337368
1682102
911536
1806392
681277
1458904
1263939
1719255
144873
267914
340074
2461155
1337538
1028306
1033692
2614061
564733
2267820
1123756
120978
13013
15485:
223139
666099
2147354
2510341
525257
1193347
2010093
2155829
2087615
1358483
2420260
15486:
1848836
470762
662438
1681703
1832860
960890
1192929
2541595
1761730
1945567
1323771
387181
1301325
919728
2014149
1838864
1397974
15487:
1971474
478919
1609032
100495
820316
15488:
2105869
1316192
2502572
1974228
1812954
506300
15489:
385900
632008
1777165
1549:
838584
1937519
784485
15490:
84589
805492
1468673
609035
31387
1624722
1966325
2124616
582104
2315544
649766
15491:
584576
70972
884428
1868375
1968862
2642052
433564
2402296
271141
775020
15492:
845332
251749
177349
627503
735103
981561
1758345
801876
1208696
918962
2021553
812547
1564710
2596424
1139993
887274
2577256
185637
639639
1003681
2374051
2130420
1686151
593736
1833425
670957
15493:
2273439
1345986
2283605
1207400
942668
2449257
988764
1041295
2079718
2418498
1924273
2145781
2072117
2179347
1098351
1100528
2386235
743921
886754
1204995
111701
421581
1819386
2566956
1104047
279909
1387405
2140239
2416829
815695
1718063
2315780
145719
2065185
1791591
1258230
2145206
1952007
2445136
267903
2352213
649704
1812939
650595
1787338
2475613
1000684
1751660
1299624
2497216
1826540
1628564
853788
1947488
1758712
322094
1675210
2469250
514377
155:
819870
914508
1198803
1180412
1605739
1409724
1834450
772283
467372
2009535
1105158
2609677
30079
2198070
1483251
1178202
2145217
439793
1341337
913581
1811688
1786378
1263669
1796301
243304
178579
262563
2244527
1098639
353335
2127063
768911
92436
1648539
2031038
1669354
133435
8540
5575
1011976
775436
1812904
456518
2120289
2459866
120491
2202158
764273
1550:
1780116
104759
163326
1776261
2542248
505763
416864
2311887
2065305
869185
1850618
894228
857043
170791
750448
1086168
1345526
2518543
1084831
1871627
2642672
2458527
812458
1622741
1054543
1836344
2570385
972972
1913299
2428587
1516689
118557
2345580
1377213
920435
1866076
422985
2479712
959754
15500:
755735
680576
1488852
1785823
2546377
1712540
1868399
333022
716286
2623122
2577319
366695
482302
263942
393519
1708216
1000478
111627
199699
468542
1888005
1229790
600509
2429880
1925969
1060657
2536497
2070579
1899710
1961875
447634
1867340
2498082
273762
2161532
1239230
1090771
1002430
2593256
546645
553731
507145
2627984
237031
1450034
776752
1335998
55151
1271300
760444
453174
945022
2004597
2288627
1901665
201061
2033563
2182637
2313869
1378806
2300026
1982008
370271
2206492
2640419
2586843
2463022
2442747
1672512
1992871
38448
2265265
643873
1079033
1779424
2119761
513332
544797
1178972
1070409
1613327
523928
1481004
1486727
1490114
2425421
1967313
1649714
1466453
1975300
1621960
2258994
1644472
2012747
2617437
890023
1369678
366723
490872
718764
513272
550852
134972
423365
566098
802341
1611683
1538164
1489379
2254025
2059041
34951
1328159
2190231
1804127
1682384
277157
2110216
193566
131503
763809
1458612
1933737
360622
556136
716107
2198089
1773011
425664
1995490
2540860
1870928
2399144
540651
579596
90850
1653754
1919618
750337
2412620
348596
538752
1767674
2265228
227531
1583942
1316820
1713805
545388
1801772
240276
1603662
1686256
1407601
2489570
1277430
33051
103240
1813459
296788
1500745
391582
1179682
1010750
1552776
978095
2379001